1 1 5 0 0 0 1 
1.19729 1.08769 5.06257 -0.0983178 0.192656 0.355572 0.909277 
1.36491 1.24612 5.17372 -0.0915657 0.2105 0.363746 0.90277 
1.53021 1.4042 5.28897 -0.0921531 0.216598 0.361277 0.90226 
1.69543 1.5605 5.40671 -0.0932423 0.2213 0.358241 0.902217 
1.86074 1.71507 5.5266 -0.0942371 0.225515 0.355354 0.902211 
2.02614 1.86802 5.64843 -0.0951074 0.229351 0.352663 0.902209 
2.19162 2.01946 5.77202 -0.0958668 0.232848 0.350163 0.902207 
2.35717 2.16951 5.8972 -0.0965302 0.236038 0.347842 0.902205 
2.52278 2.31828 6.02382 -0.0971107 0.238948 0.345692 0.902203 
2.68845 2.46586 6.15175 -0.0976194 0.241604 0.343702 0.902201 
2.90749 2.6645 6.324 -0.0920212 0.237549 0.353932 0.899908 
3.12512 2.86893 6.49122 -0.0896799 0.228208 0.361047 0.899735 
3.34239 3.07856 6.65234 -0.0872927 0.218058 0.367853 0.89973 
3.55938 3.29335 6.80692 -0.0845766 0.20744 0.374547 0.899739 
3.77605 3.51328 6.95456 -0.0814951 0.196372 0.381114 0.899749 
3.99238 3.73829 7.09486 -0.0780314 0.18485 0.387521 0.899761 
4.22702 3.98295 7.24582 -0.0863675 0.212896 0.370649 0.899908 
4.4628 4.21301 7.41663 -0.0928858 0.24078 0.351237 0.900017 
4.69954 4.42679 7.60624 -0.0972956 0.268069 0.329312 0.900125 
4.93697 4.62288 7.81331 -0.0993202 0.294381 0.305042 0.900236 
5.17475 4.80022 8.03627 -0.0987682 0.319322 0.278662 0.900348 
5.4125 4.95813 8.27343 -0.0955597 0.342495 0.250473 0.90046 
5.64985 5.09631 8.52299 -0.0897437 0.363518 0.220836 0.900573 
5.88649 5.21484 8.78311 -0.0815094 0.382041 0.190175 0.900685 
6.12218 5.31413 9.052 -0.0711868 0.39778 0.158964 0.900796 
6.35685 5.39486 9.32791 -0.0592312 0.410549 0.12772 0.900904 
6.51569 5.43625 9.51966 -0.0389017 0.424349 0.0807931 0.901048 
6.67379 5.46057 9.71491 -0.0174879 0.431468 0.0354854 0.90126 
6.83158 5.46914 9.91174 0.00340161 0.432815 -0.0068406 0.90145 
6.9895 5.46335 10 0.0224677 0.429591 -0.0453028 0.901607 
7.14788 5.44449 10 0.0390212 0.423115 -0.0795829 0.90173 
7.30692 5.41377 10 0.0529004 0.414556 -0.109795 0.901826 
7.4667 5.37229 10 0.0642678 0.404809 -0.136289 0.9019 
7.61548 5.3276 10 0.0556752 0.414617 -0.122189 0.900035 
7.76331 5.28779 10 0.0495503 0.419568 -0.107803 0.899936 
7.91083 5.25306 10 0.0431139 0.423809 -0.092818 0.899951 
8.05808 5.22355 10 0.0362041 0.427522 -0.0772086 0.899974 
8.2051 5.19938 10 0.0288284 0.430641 -0.0609846 0.899999 
8.35193 5.1807 10 0.0210158 0.433082 -0.0441686 0.900026 
8.4986 5.16764 10 0.0128113 0.434762 -0.0267963 0.900055 
8.64519 5.16033 10 0.00427616 0.435599 -0.00891808 0.900086 
8.79175 5.15891 10 -0.00451159 0.435519 0.00940097 0.900119 
8.93837 5.1635 10 -0.0134583 0.434459 0.0280812 0.900153 
9.04768 5.16743 10 0.0097921 0.437097 -0.0210021 0.899116 
9.15691 5.159 10 0.0345584 0.429405 -0.0749047 0.899337 
9.2668 5.13681 10 0.0589317 0.412052 -0.131709 0.899663 
9.37778 5.09959 10 0.0796137 0.384929 -0.188311 0.900017 
9.48999 5.04641 10 0.0938172 0.349452 -0.241687 0.900372 
9.6032 4.97699 10 0.100135 0.307944 -0.289579 0.900715 
9.71693 4.89182 10 0.0985969 0.262888 -0.330591 0.901043 
9.83063 4.79224 10 0.0902871 0.216519 -0.36405 0.901352 
9.94389 4.68028 10 0.076892 0.170673 -0.389883 0.901637 
10 4.55842 10 0.0602943 0.126735 -0.408528 0.901891 
10 4.43525 10 0.0691805 0.154306 -0.400339 0.900629 
10 4.31638 10 0.0780261 0.179626 -0.38798 0.900621 
10 4.20263 10 0.0855843 0.204028 -0.37392 0.900684 
10 4.09452 10 0.0916675 0.227482 -0.358468 0.900749 
10 3.99242 10 0.0962055 0.24987 -0.341828 0.900813 
10 3.8966 10 0.0991781 0.27108 -0.324202 0.900873 

